-9.49444444444445
-9.48888888888889
-9.48333333333333
-9.47777777777778
-9.47222222222222
-9.46666666666667
-9.46111111111111
-9.45555555555556
-9.45
-9.44444444444444
-9.43888888888889
-9.43333333333333
-9.42777777777778
-9.42222222222222
-9.41666666666667
-9.41111111111111
-9.40555555555556
-9.4
-9.39444444444444
-9.38888888888889
-9.38333333333333
-9.37777777777778
-9.37222222222222
-9.36666666666667
-9.36111111111111
-9.35555555555556
-9.35
-9.34444444444444
-9.33888888888889
-9.33333333333333
-9.32777777777778
-9.32222222222222
-9.31666666666667
-9.31111111111111
-9.30555555555556
-9.3
-9.29444444444444
-9.28888888888889
-9.28333333333333
-9.27777777777778
-9.27222222222222
-9.26666666666667
-9.26111111111111
-9.25555555555556
-9.25
-9.24444444444445
-9.23888888888889
-9.23333333333333
-9.22777777777778
-9.22222222222222
-9.21666666666667
-9.21111111111111
-9.20555555555556
-9.2
-9.19444444444444
-9.18888888888889
-9.18333333333333
-9.17777777777778
-9.17222222222222
-9.16666666666667
-9.16111111111111
-9.15555555555556
-9.15
-9.14444444444444
-9.13888888888889
-9.13333333333333
-9.12777777777778
-9.12222222222222
-9.11666666666667
-9.11111111111111
-9.10555555555556
-9.1
-9.09444444444444
-9.08888888888889
-9.08333333333333
-9.07777777777778
-9.07222222222222
-9.06666666666667
-9.06111111111111
-9.05555555555556
-9.05
-9.04444444444444
-9.03888888888889
-9.03333333333333
-9.02777777777778
-9.02222222222222
-9.01666666666667
-9.01111111111111
-9.00555555555556
-9
-8.99444444444445
-8.98888888888889
-8.98333333333333
-8.97777777777778
-8.97222222222222
-8.96666666666667
-8.96111111111111
-8.95555555555556
-8.95
-8.94444444444444
-8.93888888888889
-8.93333333333333
-8.92777777777778
-8.92222222222222
-8.91666666666667
-8.91111111111111
-8.90555555555556
-8.9
-8.89444444444444
-8.88888888888889
-8.88333333333333
-8.87777777777778
-8.87222222222222
-8.86666666666667
-8.86111111111111
-8.85555555555556
-8.85
-8.84444444444444
-8.83888888888889
-8.83333333333333
-8.82777777777778
-8.82222222222222
-8.81666666666667
-8.81111111111111
-8.80555555555556
-8.8
-8.79444444444444
-8.78888888888889
-8.78333333333333
-8.77777777777778
-8.77222222222222
-8.76666666666667
-8.76111111111111
-8.75555555555556
-8.75
-8.74444444444445
-8.73888888888889
-8.73333333333333
-8.72777777777778
-8.72222222222222
-8.71666666666667
-8.71111111111111
-8.70555555555556
-8.7
-8.69444444444444
-8.68888888888889
-8.68333333333333
-8.67777777777778
-8.67222222222222
-8.66666666666667
-8.66111111111111
-8.65555555555556
-8.65
-8.64444444444444
-8.63888888888889
-8.63333333333333
-8.62777777777778
-8.62222222222222
-8.61666666666667
-8.61111111111111
-8.60555555555556
-8.6
-8.59444444444444
-8.58888888888889
-8.58333333333333
-8.57777777777778
-8.57222222222222
-8.56666666666667
-8.56111111111111
-8.55555555555556
-8.55
-8.54444444444444
-8.53888888888889
-8.53333333333333
-8.52777777777778
-8.52222222222222
-8.51666666666667
-8.51111111111111
-8.50555555555556
-8.5
-8.49444444444445
-8.48888888888889
-8.48333333333333
-8.47777777777778
-8.47222222222222
-8.46666666666667
-8.46111111111111
-8.45555555555556
-8.45
-8.44444444444444
-8.43888888888889
-8.43333333333333
-8.42777777777778
-8.42222222222222
-8.41666666666667
-8.41111111111111
-8.40555555555556
-8.4
-8.39444444444444
-8.38888888888889
-8.38333333333333
-8.37777777777778
-8.37222222222222
-8.36666666666667
-8.36111111111111
-8.35555555555556
-8.35
-8.34444444444444
-8.33888888888889
-8.33333333333333
-8.32777777777778
-8.32222222222222
-8.31666666666667
-8.31111111111111
-8.30555555555556
-8.3
-8.29444444444444
-8.28888888888889
-8.28333333333333
-8.27777777777778
-8.27222222222222
-8.26666666666667
-8.26111111111111
-8.25555555555556
-8.25
-8.24444444444445
-8.23888888888889
-8.23333333333333
-8.22777777777778
-8.22222222222222
-8.21666666666667
-8.21111111111111
-8.20555555555556
-8.2
-8.19444444444444
-8.18888888888889
-8.18333333333333
-8.17777777777778
-8.17222222222222
-8.16666666666667
-8.16111111111111
-8.15555555555556
-8.15
-8.14444444444444
-8.13888888888889
-8.13333333333333
-8.12777777777778
-8.12222222222222
-8.11666666666667
-8.11111111111111
-8.10555555555556
-8.1
-8.09444444444444
-8.08888888888889
-8.08333333333333
-8.07777777777778
-8.07222222222222
-8.06666666666667
-8.06111111111111
-8.05555555555556
-8.05
-8.04444444444444
-8.03888888888889
-8.03333333333333
-8.02777777777778
-8.02222222222222
-8.01666666666667
-8.01111111111111
-8.00555555555556
-8
-7.99444444444444
-7.98888888888889
-7.98333333333333
-7.97777777777778
-7.97222222222222
-7.96666666666667
-7.96111111111111
-7.95555555555556
-7.95
-7.94444444444444
-7.93888888888889
-7.93333333333333
-7.92777777777778
-7.92222222222222
-7.91666666666667
-7.91111111111111
-7.90555555555556
-7.9
-7.89444444444444
-7.88888888888889
-7.88333333333333
-7.87777777777778
-7.87222222222222
-7.86666666666667
-7.86111111111111
-7.85555555555556
-7.85
-7.84444444444444
-7.83888888888889
-7.83333333333333
-7.82777777777778
-7.82222222222222
-7.81666666666667
-7.81111111111111
-7.80555555555556
-7.8
-7.79444444444445
-7.78888888888889
-7.78333333333333
-7.77777777777778
-7.77222222222222
-7.76666666666667
-7.76111111111111
-7.75555555555556
-7.75
-7.74444444444444
-7.73888888888889
-7.73333333333333
-7.72777777777778
-7.72222222222222
-7.71666666666667
-7.71111111111111
-7.70555555555556
-7.7
-7.69444444444444
-7.68888888888889
-7.68333333333333
-7.67777777777778
-7.67222222222222
-7.66666666666667
-7.66111111111111
-7.65555555555556
-7.65
-7.64444444444444
-7.63888888888889
-7.63333333333333
-7.62777777777778
-7.62222222222222
-7.61666666666667
-7.61111111111111
-7.60555555555556
-7.6
-7.59444444444444
-7.58888888888889
-7.58333333333333
-7.57777777777778
-7.57222222222222
-7.56666666666667
-7.56111111111111
-7.55555555555556
-7.55
-7.54444444444445
-7.53888888888889
-7.53333333333333
-7.52777777777778
-7.52222222222222
-7.51666666666667
-7.51111111111111
-7.50555555555556
-7.5
-7.49444444444444
-7.48888888888889
-7.48333333333333
-7.47777777777778
-7.47222222222222
-7.46666666666667
-7.46111111111111
-7.45555555555556
-7.45
-7.44444444444444
-7.43888888888889
-7.43333333333333
-7.42777777777778
-7.42222222222222
-7.41666666666667
-7.41111111111111
-7.40555555555556
-7.4
-7.39444444444444
-7.38888888888889
-7.38333333333333
-7.37777777777778
-7.37222222222222
-7.36666666666667
-7.36111111111111
-7.35555555555556
-7.35
-7.34444444444444
-7.33888888888889
-7.33333333333333
-7.32777777777778
-7.32222222222222
-7.31666666666667
-7.31111111111111
-7.30555555555556
-7.3
-7.29444444444444
-7.28888888888889
-7.28333333333333
-7.27777777777778
-7.27222222222222
-7.26666666666667
-7.26111111111111
-7.25555555555556
-7.25
-7.24444444444444
-7.23888888888889
-7.23333333333333
-7.22777777777778
-7.22222222222222
-7.21666666666667
-7.21111111111111
-7.20555555555556
-7.2
-7.19444444444444
-7.18888888888889
-7.18333333333333
-7.17777777777778
-7.17222222222222
-7.16666666666667
-7.16111111111111
-7.15555555555556
-7.15
-7.14444444444444
-7.13888888888889
-7.13333333333333
-7.12777777777778
-7.12222222222222
-7.11666666666667
-7.11111111111111
-7.10555555555556
-7.1
-7.09444444444444
-7.08888888888889
-7.08333333333333
-7.07777777777778
-7.07222222222222
-7.06666666666667
-7.06111111111111
-7.05555555555556
-7.05
-7.04444444444444
-7.03888888888889
-7.03333333333333
-7.02777777777778
-7.02222222222222
-7.01666666666667
-7.01111111111111
-7.00555555555556
-7
-6.99444444444444
-6.98888888888889
-6.98333333333333
-6.97777777777778
-6.97222222222222
-6.96666666666667
-6.96111111111111
-6.95555555555556
-6.95
-6.94444444444444
-6.93888888888889
-6.93333333333333
-6.92777777777778
-6.92222222222222
-6.91666666666667
-6.91111111111111
-6.90555555555556
-6.9
-6.89444444444444
-6.88888888888889
-6.88333333333333
-6.87777777777778
-6.87222222222222
-6.86666666666667
-6.86111111111111
-6.85555555555556
-6.85
-6.84444444444444
-6.83888888888889
-6.83333333333333
-6.82777777777778
-6.82222222222222
-6.81666666666667
-6.81111111111111
-6.80555555555556
-6.8
-6.79444444444444
-6.78888888888889
-6.78333333333333
-6.77777777777778
-6.77222222222222
-6.76666666666667
-6.76111111111111
-6.75555555555556
-6.75
-6.74444444444444
-6.73888888888889
-6.73333333333333
-6.72777777777778
-6.72222222222222
-6.71666666666667
-6.71111111111111
-6.70555555555556
-6.7
-6.69444444444444
-6.68888888888889
-6.68333333333333
-6.67777777777778
-6.67222222222222
-6.66666666666667
-6.66111111111111
-6.65555555555556
-6.65
-6.64444444444444
-6.63888888888889
-6.63333333333333
-6.62777777777778
-6.62222222222222
-6.61666666666667
-6.61111111111111
-6.60555555555556
-6.6
-6.59444444444444
-6.58888888888889
-6.58333333333333
-6.57777777777778
-6.57222222222222
-6.56666666666667
-6.56111111111111
-6.55555555555556
-6.55
-6.54444444444444
-6.53888888888889
-6.53333333333333
-6.52777777777778
-6.52222222222222
-6.51666666666667
-6.51111111111111
-6.50555555555556
-6.5
-6.49444444444444
-6.48888888888889
-6.48333333333333
-6.47777777777778
-6.47222222222222
-6.46666666666667
-6.46111111111111
-6.45555555555556
-6.45
-6.44444444444444
-6.43888888888889
-6.43333333333333
-6.42777777777778
-6.42222222222222
-6.41666666666667
-6.41111111111111
-6.40555555555556
-6.4
-6.39444444444444
-6.38888888888889
-6.38333333333333
-6.37777777777778
-6.37222222222222
-6.36666666666667
-6.36111111111111
-6.35555555555556
-6.35
-6.34444444444444
-6.33888888888889
-6.33333333333333
-6.32777777777778
-6.32222222222222
-6.31666666666667
-6.31111111111111
-6.30555555555556
-6.3
-6.29444444444444
-6.28888888888889
-6.28333333333333
-6.27777777777778
-6.27222222222222
-6.26666666666667
-6.26111111111111
-6.25555555555556
-6.25
-6.24444444444444
-6.23888888888889
-6.23333333333333
-6.22777777777778
-6.22222222222222
-6.21666666666667
-6.21111111111111
-6.20555555555556
-6.2
-6.19444444444444
-6.18888888888889
-6.18333333333333
-6.17777777777778
-6.17222222222222
-6.16666666666667
-6.16111111111111
-6.15555555555556
-6.15
-6.14444444444444
-6.13888888888889
-6.13333333333333
-6.12777777777778
-6.12222222222222
-6.11666666666667
-6.11111111111111
-6.10555555555556
-6.1
-6.09444444444444
-6.08888888888889
-6.08333333333333
-6.07777777777778
-6.07222222222222
-6.06666666666667
-6.06111111111111
-6.05555555555556
-6.05
-6.04444444444444
-6.03888888888889
-6.03333333333333
-6.02777777777778
-6.02222222222222
-6.01666666666667
-6.01111111111111
-6.00555555555556
-6
-5.99444444444444
-5.98888888888889
-5.98333333333333
-5.97777777777778
-5.97222222222222
-5.96666666666667
-5.96111111111111
-5.95555555555556
-5.95
-5.94444444444444
-5.93888888888889
-5.93333333333333
-5.92777777777778
-5.92222222222222
-5.91666666666667
-5.91111111111111
-5.90555555555556
-5.9
-5.89444444444444
-5.88888888888889
-5.88333333333333
-5.87777777777778
-5.87222222222222
-5.86666666666667
-5.86111111111111
-5.85555555555556
-5.85
-5.84444444444444
-5.83888888888889
-5.83333333333333
-5.82777777777778
-5.82222222222222
-5.81666666666667
-5.81111111111111
-5.80555555555556
-5.8
-5.79444444444444
-5.78888888888889
-5.78333333333333
-5.77777777777778
-5.77222222222222
-5.76666666666667
-5.76111111111111
-5.75555555555556
-5.75
-5.74444444444444
-5.73888888888889
-5.73333333333333
-5.72777777777778
-5.72222222222222
-5.71666666666667
-5.71111111111111
-5.70555555555556
-5.7
-5.69444444444444
-5.68888888888889
-5.68333333333333
-5.67777777777778
-5.67222222222222
-5.66666666666667
-5.66111111111111
-5.65555555555556
-5.65
-5.64444444444444
-5.63888888888889
-5.63333333333333
-5.62777777777778
-5.62222222222222
-5.61666666666667
-5.61111111111111
-5.60555555555556
-5.6
-5.59444444444444
-5.58888888888889
-5.58333333333333
-5.57777777777778
-5.57222222222222
-5.56666666666667
-5.56111111111111
-5.55555555555556
-5.55
-5.54444444444444
-5.53888888888889
-5.53333333333333
-5.52777777777778
-5.52222222222222
-5.51666666666667
-5.51111111111111
-5.50555555555556
-5.5
-5.49444444444444
-5.48888888888889
-5.48333333333333
-5.47777777777778
-5.47222222222222
-5.46666666666667
-5.46111111111111
-5.45555555555556
-5.45
-5.44444444444444
-5.43888888888889
-5.43333333333333
-5.42777777777778
-5.42222222222222
-5.41666666666667
-5.41111111111111
-5.40555555555556
-5.4
-5.39444444444444
-5.38888888888889
-5.38333333333333
-5.37777777777778
-5.37222222222222
-5.36666666666667
-5.36111111111111
-5.35555555555556
-5.35
-5.34444444444444
-5.33888888888889
-5.33333333333333
-5.32777777777778
-5.32222222222222
-5.31666666666667
-5.31111111111111
-5.30555555555556
-5.3
-5.29444444444444
-5.28888888888889
-5.28333333333333
-5.27777777777778
-5.27222222222222
-5.26666666666667
-5.26111111111111
-5.25555555555556
-5.25
-5.24444444444444
-5.23888888888889
-5.23333333333333
-5.22777777777778
-5.22222222222222
-5.21666666666667
-5.21111111111111
-5.20555555555556
-5.2
-5.19444444444444
-5.18888888888889
-5.18333333333333
-5.17777777777778
-5.17222222222222
-5.16666666666667
-5.16111111111111
-5.15555555555556
-5.15
-5.14444444444444
-5.13888888888889
-5.13333333333333
-5.12777777777778
-5.12222222222222
-5.11666666666667
-5.11111111111111
-5.10555555555556
-5.1
-5.09444444444444
-5.08888888888889
-5.08333333333333
-5.07777777777778
-5.07222222222222
-5.06666666666667
-5.06111111111111
-5.05555555555556
-5.05
-5.04444444444444
-5.03888888888889
-5.03333333333333
-5.02777777777778
-5.02222222222222
-5.01666666666667
-5.01111111111111
-5.00555555555556
-5
-4.99444444444444
-4.98888888888889
-4.98333333333333
-4.97777777777778
-4.97222222222222
-4.96666666666667
-4.96111111111111
-4.95555555555556
-4.95
-4.94444444444444
-4.93888888888889
-4.93333333333333
-4.92777777777778
-4.92222222222222
-4.91666666666667
-4.91111111111111
-4.90555555555556
-4.9
-4.89444444444444
-4.88888888888889
-4.88333333333333
-4.87777777777778
-4.87222222222222
-4.86666666666667
-4.86111111111111
-4.85555555555556
-4.85
-4.84444444444444
-4.83888888888889
-4.83333333333333
-4.82777777777778
-4.82222222222222
-4.81666666666667
-4.81111111111111
-4.80555555555556
-4.8
-4.79444444444444
-4.78888888888889
-4.78333333333333
-4.77777777777778
-4.77222222222222
-4.76666666666667
-4.76111111111111
-4.75555555555556
-4.75
-4.74444444444444
-4.73888888888889
-4.73333333333333
-4.72777777777778
-4.72222222222222
-4.71666666666667
-4.71111111111111
-4.70555555555556
-4.7
-4.69444444444444
-4.68888888888889
-4.68333333333333
-4.67777777777778
-4.67222222222222
-4.66666666666667
-4.66111111111111
-4.65555555555556
-4.65
-4.64444444444444
-4.63888888888889
-4.63333333333333
-4.62777777777778
-4.62222222222222
-4.61666666666667
-4.61111111111111
-4.60555555555556
-4.6
-4.59444444444444
-4.58888888888889
-4.58333333333333
-4.57777777777778
-4.57222222222222
-4.56666666666667
-4.56111111111111
-4.55555555555556
-4.55
-4.54444444444444
-4.53888888888889
-4.53333333333333
-4.52777777777778
-4.52222222222222
-4.51666666666667
-4.51111111111111
-4.50555555555556
-4.5
-4.49444444444444
-4.48888888888889
-4.48333333333333
-4.47777777777778
-4.47222222222222
-4.46666666666667
-4.46111111111111
-4.45555555555556
-4.45
-4.44444444444444
-4.43888888888889
-4.43333333333333
-4.42777777777778
-4.42222222222222
-4.41666666666667
-4.41111111111111
-4.40555555555556
-4.4
-4.39444444444444
-4.38888888888889
-4.38333333333333
-4.37777777777778
-4.37222222222222
-4.36666666666667
-4.36111111111111
-4.35555555555556
-4.35
-4.34444444444444
-4.33888888888889
-4.33333333333333
-4.32777777777778
-4.32222222222222
-4.31666666666667
-4.31111111111111
-4.30555555555556
-4.3
-4.29444444444444
-4.28888888888889
-4.28333333333333
-4.27777777777778
-4.27222222222222
-4.26666666666667
-4.26111111111111
-4.25555555555556
-4.25
-4.24444444444444
-4.23888888888889
-4.23333333333333
-4.22777777777778
-4.22222222222222
-4.21666666666667
-4.21111111111111
-4.20555555555556
-4.2
-4.19444444444444
-4.18888888888889
-4.18333333333333
-4.17777777777778
-4.17222222222222
-4.16666666666667
-4.16111111111111
-4.15555555555556
-4.15
-4.14444444444444
-4.13888888888889
-4.13333333333333
-4.12777777777778
-4.12222222222222
-4.11666666666667
-4.11111111111111
-4.10555555555556
-4.1
-4.09444444444444
-4.08888888888889
-4.08333333333333
-4.07777777777778
-4.07222222222222
-4.06666666666667
-4.06111111111111
-4.05555555555556
-4.05
-4.04444444444444
-4.03888888888889
-4.03333333333333
-4.02777777777778
-4.02222222222222
-4.01666666666667
-4.01111111111111
-4.00555555555556
-4
-3.99444444444444
-3.98888888888889
-3.98333333333333
-3.97777777777778
-3.97222222222222
-3.96666666666667
-3.96111111111111
-3.95555555555556
-3.95
-3.94444444444444
-3.93888888888889
-3.93333333333333
-3.92777777777778
-3.92222222222222
-3.91666666666667
-3.91111111111111
-3.90555555555556
-3.9
-3.89444444444444
-3.88888888888889
-3.88333333333333
-3.87777777777778
-3.87222222222222
-3.86666666666667
-3.86111111111111
-3.85555555555556
-3.85
-3.84444444444444
-3.83888888888889
-3.83333333333333
-3.82777777777778
-3.82222222222222
-3.81666666666667
-3.81111111111111
-3.80555555555556
-3.8
-3.79444444444444
-3.78888888888889
-3.78333333333333
-3.77777777777778
-3.77222222222222
-3.76666666666667
-3.76111111111111
-3.75555555555556
-3.75
-3.74444444444444
-3.73888888888889
-3.73333333333333
-3.72777777777778
-3.72222222222222
-3.71666666666667
-3.71111111111111
-3.70555555555556
-3.7
-3.69444444444444
-3.68888888888889
-3.68333333333333
-3.67777777777778
-3.67222222222222
-3.66666666666667
-3.66111111111111
-3.65555555555556
-3.65
-3.64444444444444
-3.63888888888889
-3.63333333333333
-3.62777777777778
-3.62222222222222
-3.61666666666667
-3.61111111111111
-3.60555555555556
-3.6
-3.59444444444444
-3.58888888888889
-3.58333333333333
-3.57777777777778
-3.57222222222222
-3.56666666666667
-3.56111111111111
-3.55555555555556
-3.55
-3.54444444444444
-3.53888888888889
-3.53333333333333
-3.52777777777778
-3.52222222222222
-3.51666666666667
-3.51111111111111
-3.50555555555556
-3.5
-3.49444444444444
-3.48888888888889
-3.48333333333333
-3.47777777777778
-3.47222222222222
-3.46666666666667
-3.46111111111111
-3.45555555555556
-3.45
-3.44444444444444
-3.43888888888889
-3.43333333333333
-3.42777777777778
-3.42222222222222
-3.41666666666667
-3.41111111111111
-3.40555555555556
-3.4
-3.39444444444444
-3.38888888888889
-3.38333333333333
-3.37777777777778
-3.37222222222222
-3.36666666666667
-3.36111111111111
-3.35555555555556
-3.35
-3.34444444444444
-3.33888888888889
-3.33333333333333
-3.32777777777778
-3.32222222222222
-3.31666666666667
-3.31111111111111
-3.30555555555556
-3.3
-3.29444444444444
-3.28888888888889
-3.28333333333333
-3.27777777777778
-3.27222222222222
-3.26666666666667
-3.26111111111111
-3.25555555555556
-3.25
-3.24444444444444
-3.23888888888889
-3.23333333333333
-3.22777777777778
-3.22222222222222
-3.21666666666667
-3.21111111111111
-3.20555555555556
-3.2
-3.19444444444444
-3.18888888888889
-3.18333333333333
-3.17777777777778
-3.17222222222222
-3.16666666666667
-3.16111111111111
-3.15555555555556
-3.15
-3.14444444444444
-3.13888888888889
-3.13333333333333
-3.12777777777778
-3.12222222222222
-3.11666666666667
-3.11111111111111
-3.10555555555556
-3.1
-3.09444444444444
-3.08888888888889
-3.08333333333333
-3.07777777777778
-3.07222222222222
-3.06666666666667
-3.06111111111111
-3.05555555555556
-3.05
-3.04444444444444
-3.03888888888889
-3.03333333333333
-3.02777777777778
-3.02222222222222
-3.01666666666667
-3.01111111111111
-3.00555555555556
-3
-2.99444444444444
-2.98888888888889
-2.98333333333333
-2.97777777777778
-2.97222222222222
-2.96666666666667
-2.96111111111111
-2.95555555555556
-2.95
-2.94444444444444
-2.93888888888889
-2.93333333333333
-2.92777777777778
-2.92222222222222
-2.91666666666667
-2.91111111111111
-2.90555555555556
-2.9
-2.89444444444444
-2.88888888888889
-2.88333333333333
-2.87777777777778
-2.87222222222222
-2.86666666666667
-2.86111111111111
-2.85555555555556
-2.85
-2.84444444444444
-2.83888888888889
-2.83333333333333
-2.82777777777778
-2.82222222222222
-2.81666666666667
-2.81111111111111
-2.80555555555556
-2.8
-2.79444444444444
-2.78888888888889
-2.78333333333333
-2.77777777777778
-2.77222222222222
-2.76666666666667
-2.76111111111111
-2.75555555555556
-2.75
-2.74444444444444
-2.73888888888889
-2.73333333333333
-2.72777777777778
-2.72222222222222
-2.71666666666667
-2.71111111111111
-2.70555555555556
-2.7
-2.69444444444444
-2.68888888888889
-2.68333333333333
-2.67777777777778
-2.67222222222222
-2.66666666666667
-2.66111111111111
-2.65555555555556
-2.65
-2.64444444444444
-2.63888888888889
-2.63333333333333
-2.62777777777778
-2.62222222222222
-2.61666666666667
-2.61111111111111
-2.60555555555556
-2.6
-2.59444444444444
-2.58888888888889
-2.58333333333333
-2.57777777777778
-2.57222222222222
-2.56666666666667
-2.56111111111111
-2.55555555555556
-2.55
-2.54444444444444
-2.53888888888889
-2.53333333333333
-2.52777777777778
-2.52222222222222
-2.51666666666667
-2.51111111111111
-2.50555555555556
-2.5
-2.49444444444444
-2.48888888888889
-2.48333333333333
-2.47777777777778
-2.47222222222222
-2.46666666666667
-2.46111111111111
-2.45555555555556
-2.45
-2.44444444444444
-2.43888888888889
-2.43333333333333
-2.42777777777778
-2.42222222222222
-2.41666666666667
-2.41111111111111
-2.40555555555556
-2.4
-2.39444444444444
-2.38888888888889
-2.38333333333333
-2.37777777777778
-2.37222222222222
-2.36666666666667
-2.36111111111111
-2.35555555555556
-2.35
-2.34444444444444
-2.33888888888889
-2.33333333333333
-2.32777777777778
-2.32222222222222
-2.31666666666667
-2.31111111111111
-2.30555555555556
-2.3
-2.29444444444444
-2.28888888888889
-2.28333333333333
-2.27777777777778
-2.27222222222222
-2.26666666666667
-2.26111111111111
-2.25555555555556
-2.25
-2.24444444444444
-2.23888888888889
-2.23333333333333
-2.22777777777778
-2.22222222222222
-2.21666666666667
-2.21111111111111
-2.20555555555556
-2.2
-2.19444444444444
-2.18888888888889
-2.18333333333333
-2.17777777777778
-2.17222222222222
-2.16666666666667
-2.16111111111111
-2.15555555555556
-2.15
-2.14444444444444
-2.13888888888889
-2.13333333333333
-2.12777777777778
-2.12222222222222
-2.11666666666667
-2.11111111111111
-2.10555555555556
-2.1
-2.09444444444444
-2.08888888888889
-2.08333333333333
-2.07777777777778
-2.07222222222222
-2.06666666666667
-2.06111111111111
-2.05555555555556
-2.05
-2.04444444444444
-2.03888888888889
-2.03333333333333
-2.02777777777778
-2.02222222222222
-2.01666666666667
-2.01111111111111
-2.00555555555556
-2
-1.99444444444444
-1.98888888888889
-1.98333333333333
-1.97777777777778
-1.97222222222222
-1.96666666666667
-1.96111111111111
-1.95555555555556
-1.95
-1.94444444444444
-1.93888888888889
-1.93333333333333
-1.92777777777778
-1.92222222222222
-1.91666666666667
-1.91111111111111
-1.90555555555556
-1.9
-1.89444444444444
-1.88888888888889
-1.88333333333333
-1.87777777777778
-1.87222222222222
-1.86666666666667
-1.86111111111111
-1.85555555555556
-1.85
-1.84444444444444
-1.83888888888889
-1.83333333333333
-1.82777777777778
-1.82222222222222
-1.81666666666667
-1.81111111111111
-1.80555555555556
-1.8
-1.79444444444444
-1.78888888888889
-1.78333333333333
-1.77777777777778
-1.77222222222222
-1.76666666666667
-1.76111111111111
-1.75555555555556
-1.75
-1.74444444444444
-1.73888888888889
-1.73333333333333
-1.72777777777778
-1.72222222222222
-1.71666666666667
-1.71111111111111
-1.70555555555556
-1.7
-1.69444444444444
-1.68888888888889
-1.68333333333333
-1.67777777777778
-1.67222222222222
-1.66666666666667
-1.66111111111111
-1.65555555555556
-1.65
-1.64444444444444
-1.63888888888889
-1.63333333333333
-1.62777777777778
-1.62222222222222
-1.61666666666667
-1.61111111111111
-1.60555555555556
-1.6
-1.59444444444444
-1.58888888888889
-1.58333333333333
-1.57777777777778
-1.57222222222222
-1.56666666666667
-1.56111111111111
-1.55555555555556
-1.55
-1.54444444444444
-1.53888888888889
-1.53333333333333
-1.52777777777778
-1.52222222222222
-1.51666666666667
-1.51111111111111
-1.50555555555556
-1.5
-1.49444444444444
-1.48888888888889
-1.48333333333333
-1.47777777777778
-1.47222222222222
-1.46666666666667
-1.46111111111111
-1.45555555555556
-1.45
-1.44444444444444
-1.43888888888889
-1.43333333333333
-1.42777777777778
-1.42222222222222
-1.41666666666667
-1.41111111111111
-1.40555555555556
-1.4
-1.39444444444444
-1.38888888888889
-1.38333333333333
-1.37777777777778
-1.37222222222222
-1.36666666666667
-1.36111111111111
-1.35555555555556
-1.35
-1.34444444444444
-1.33888888888889
-1.33333333333333
-1.32777777777778
-1.32222222222222
-1.31666666666667
-1.31111111111111
-1.30555555555556
-1.3
-1.29444444444444
-1.28888888888889
-1.28333333333333
-1.27777777777778
-1.27222222222222
-1.26666666666667
-1.26111111111111
-1.25555555555556
-1.25
-1.24444444444444
-1.23888888888889
-1.23333333333333
-1.22777777777778
-1.22222222222222
-1.21666666666667
-1.21111111111111
-1.20555555555556
-1.2
-1.19444444444444
-1.18888888888889
-1.18333333333333
-1.17777777777778
-1.17222222222222
-1.16666666666667
-1.16111111111111
-1.15555555555556
-1.15
-1.14444444444444
-1.13888888888889
-1.13333333333333
-1.12777777777778
-1.12222222222222
-1.11666666666667
-1.11111111111111
-1.10555555555556
-1.1
-1.09444444444444
-1.08888888888889
-1.08333333333333
-1.07777777777778
-1.07222222222222
-1.06666666666667
-1.06111111111111
-1.05555555555556
-1.05
-1.04444444444444
-1.03888888888889
-1.03333333333333
-1.02777777777778
-1.02222222222222
-1.01666666666667
-1.01111111111111
-1.00555555555556
-1
-0.994444444444444
-0.988888888888889
-0.983333333333333
-0.977777777777778
-0.972222222222222
-0.966666666666667
-0.961111111111111
-0.955555555555556
-0.95
-0.944444444444445
-0.938888888888889
-0.933333333333333
-0.927777777777778
-0.922222222222222
-0.916666666666667
-0.911111111111111
-0.905555555555556
-0.9
-0.894444444444444
-0.888888888888889
-0.883333333333333
-0.877777777777778
-0.872222222222222
-0.866666666666667
-0.861111111111111
-0.855555555555556
-0.85
-0.844444444444444
-0.838888888888889
-0.833333333333333
-0.827777777777778
-0.822222222222222
-0.816666666666667
-0.811111111111111
-0.805555555555556
-0.8
-0.794444444444445
-0.788888888888889
-0.783333333333333
-0.777777777777778
-0.772222222222222
-0.766666666666667
-0.761111111111111
-0.755555555555556
-0.75
-0.744444444444444
-0.738888888888889
-0.733333333333333
-0.727777777777778
-0.722222222222222
-0.716666666666667
-0.711111111111111
-0.705555555555556
-0.7
-0.694444444444444
-0.688888888888889
-0.683333333333333
-0.677777777777778
-0.672222222222222
-0.666666666666667
-0.661111111111111
-0.655555555555556
-0.65
-0.644444444444444
-0.638888888888889
-0.633333333333333
-0.627777777777778
-0.622222222222222
-0.616666666666667
-0.611111111111111
-0.605555555555556
-0.6
-0.594444444444444
-0.588888888888889
-0.583333333333333
-0.577777777777778
-0.572222222222222
-0.566666666666667
-0.561111111111111
-0.555555555555556
-0.55
-0.544444444444445
-0.538888888888889
-0.533333333333333
-0.527777777777778
-0.522222222222222
-0.516666666666667
-0.511111111111111
-0.505555555555556
-0.5
-0.494444444444444
-0.488888888888889
-0.483333333333333
-0.477777777777778
-0.472222222222222
-0.466666666666667
-0.461111111111111
-0.455555555555556
-0.45
-0.444444444444444
-0.438888888888889
-0.433333333333333
-0.427777777777778
-0.422222222222222
-0.416666666666667
-0.411111111111111
-0.405555555555556
-0.4
-0.394444444444444
-0.388888888888889
-0.383333333333333
-0.377777777777778
-0.372222222222222
-0.366666666666667
-0.361111111111111
-0.355555555555556
-0.35
-0.344444444444444
-0.338888888888889
-0.333333333333333
-0.327777777777778
-0.322222222222222
-0.316666666666667
-0.311111111111111
-0.305555555555556
-0.3
-0.294444444444444
-0.288888888888889
-0.283333333333333
-0.277777777777778
-0.272222222222222
-0.266666666666667
-0.261111111111111
-0.255555555555556
-0.25
-0.244444444444444
-0.238888888888889
-0.233333333333333
-0.227777777777778
-0.222222222222222
-0.216666666666667
-0.211111111111111
-0.205555555555556
-0.2
-0.194444444444444
-0.188888888888889
-0.183333333333333
-0.177777777777778
-0.172222222222222
-0.166666666666667
-0.161111111111111
-0.155555555555556
-0.15
-0.144444444444444
-0.138888888888889
-0.133333333333333
-0.127777777777778
-0.122222222222222
-0.116666666666667
-0.111111111111111
-0.105555555555556
-0.1
-0.0944444444444444
-0.0888888888888889
-0.0833333333333333
-0.0777777777777778
-0.0722222222222222
-0.0666666666666667
-0.0611111111111111
-0.0555555555555556
-0.05
-0.0444444444444444
-0.0388888888888889
-0.0333333333333333
-0.0277777777777778
-0.0222222222222222
-0.0166666666666667
-0.0111111111111111
-0.00555555555555556
0
0.00555555555555556
0.0111111111111111
0.0166666666666667
0.0222222222222222
0.0277777777777778
0.0333333333333333
0.0388888888888889
0.0444444444444444
0.05
0.0555555555555556
0.0611111111111111
0.0666666666666667
0.0722222222222222
0.0777777777777778
0.0833333333333333
0.0888888888888889
0.0944444444444444
0.1
0.105555555555556
0.111111111111111
0.116666666666667
0.122222222222222
0.127777777777778
0.133333333333333
0.138888888888889
0.144444444444444
0.15
0.155555555555556
0.161111111111111
0.166666666666667
0.172222222222222
0.177777777777778
0.183333333333333
0.188888888888889
0.194444444444444
0.2
0.205555555555556
0.211111111111111
0.216666666666667
0.222222222222222
0.227777777777778
0.233333333333333
0.238888888888889
0.244444444444444
0.25
0.255555555555556
0.261111111111111
0.266666666666667
0.272222222222222
0.277777777777778
0.283333333333333
0.288888888888889
0.294444444444444
0.3
0.305555555555556
0.311111111111111
0.316666666666667
0.322222222222222
0.327777777777778
0.333333333333333
0.338888888888889
0.344444444444444
0.35
0.355555555555556
0.361111111111111
0.366666666666667
0.372222222222222
0.377777777777778
0.383333333333333
0.388888888888889
0.394444444444444
0.4
0.405555555555556
0.411111111111111
0.416666666666667
0.422222222222222
0.427777777777778
0.433333333333333
0.438888888888889
0.444444444444444
0.45
0.455555555555556
0.461111111111111
0.466666666666667
0.472222222222222
0.477777777777778
0.483333333333333
0.488888888888889
0.494444444444444
0.5
